0 1238 1248 1268 1274 1274 1271 1256 1250 1245 1247 1252 1242 1245 1238 1244 1229 1227 1233 1227 1224 1232 1259 1267 1256 1249 1242 1240 1238
1 70 70 71 66 64 64 66 68 73 74 70 64 64 62 63 63 64 64 63 59 57 63 65 64 63 61 61 59
4 31 31 30 32 32 33 30 30 29 31 27 27 26 25 27 26 25 26 25 25 27 26 25 27 26 25 26 26
5 17 18 18 18 18 18 18 17 17 18 17 16 16 16 16 16 16 18 17 16 18 17 17 17 16 17 16 15
6 16 15 15 16 17 16 16 15 14 14 14 14 14 13 14 14 14 14 14 14 14 14 14 14 14 14 14 14
10 33 33 30 30 30 31 34 33 28 28 30 28 28 27 25 27 28 26 26 27 27 27 27 27 27 28 28 28
11 55 60 64 67 70 64 57 49 48 50 55 61 68 71 67 59 55 50 43 48 54 63 67 67 68 57 53 48
13 21 20 19 19 17 17 15 16 15 15 16 14 15 15 15 15 15 15 14 15 14 14 15 14 14 14 14 14
15 31 32 33 33 31 31 30 30 32 31 28 29 30 29 29 30 30 30 30 30 29 31 31 30 31 31 31 31
18 8 8 8 8 8 8 8 8 8 8 8 5 6 6 6 6 6 6 6 6 5 5 6 6 5 5 5 5
19 16 16 16 17 15 15 13 12 9 9 10 9 8 9 11 9 9 10 11 10 9 10 10 10 9 9 9 9
21 32 27 27 28 28 30 29 28 24 23 22 21 20 17 16 16 15 16 16 17 20 25 27 28 30 30 30 30
22 35 35 36 35 29 30 29 30 35 37 41 40 36 31 31 31 33 40 42 39 36 33 29 33 33 36 41 39
24 13 14 14 12 13 13 13 15 14 14 14 12 12 11 11 13 13 13 12 10 9 10 12 15 15 13 11 9
25 11 11 11 11 11 11 11 10 10 9 9 10 10 9 9 9 9 8 9 9 8 8 9 9 8 8 8 9
38 26 26 26 25 25 25 25 26 23 24 26 25 23 23 25 24 21 25 23 20 24 22 21 23 21 20 21 20
39 32 32 33 32 32 31 32 32 30 29 30 32 33 33 32 32 33 32 32 32 32 32 33 32 33 32 33 32
43 25 25 23 23 23 22 24 25 25 24 24 27 32 34 34 34 34 34 34 35 34 33 33 30 28 26 26 25
45 13 13 11 11 10 10 10 10 10 9 6 5 4 5 5 5 6 6 7 8 9 10 11 10 9 8 7 7
47 15 13 13 14 14 15 16 13 18 16 15 12 13 12 11 12 11 11 12 10 11 13 11 11 12 10 11 13
50 31 32 36 39 41 43 41 37 39 41 41 42 44 44 42 38 36 36 38 37 37 37 37 37 37 43 47 45
52 9 10 10 10 10 10 10 10 10 10 10 10 10 9 9 9 9 8 7 7 6 6 6 6 6 6 6 6
57 30 31 31 29 27 27 28 28 29 27 26 25 25 27 28 29 27 24 24 26 28 30 29 25 23 23 26 30
73 6 6 7 6 7 7 8 8 8 8 10 10 11 11 11 11 12 11 11 10 10 10 9 9 9 10 10 11
75 5 5 5 5 5 5 5 5 4 4 4 6 5 5 4 5 4 4 5 5 3 5 5 5 4 4 4 5
76 21 22 22 21 22 22 23 22 21 21 21 21 21 21 21 21 21 21 21 21 21 21 21 21 21 21 21 21
77 19 19 20 20 20 20 20 20 20 21 22 22 23 22 23 23 23 23 25 25 27 27 26 26 27 27 27 26
82 14 14 14 14 14 14 14 13 13 15 15 15 16 17 18 17 16 16 18 18 17 16 17 19 19 17 16 17
84 13 13 13 13 12 13 10 10 9 9 10 10 10 10 8 9 10 10 10 10 9 9 10 10 10 9 9 9
87 15 13 13 15 13 12 14 14 13 13 15 15 13 13 16 13 12 15 16 12 13 16 16 12 14 18 14 12
88 16 14 13 14 13 13 13 13 13 13 14 15 15 17 18 18 18 18 18 19 18 19 21 21 21 22 21 20
89 9 9 10 9 10 9 7 7 7 7 7 8 8 7 7 7 7 6 7 6 7 6 8 7 5 6 6 7
104 18 19 20 20 20 21 20 20 21 20 22 21 21 21 21 21 22 22 21 22 22 21 21 22 22 22 23 22
105 20 20 20 20 20 21 21 21 21 22 22 22 22 22 23 23 23 23 23 23 23 23 22 20 20 20 20 20
107 8 9 9 10 11 10 10 11 10 10 11 10 10 10 10 10 10 10 10 10 10 10 9 9 9 9 9 9
109 13 13 14 14 15 15 15 15 15 15 14 13 12 13 12 13 12 12 12 12 11 11 11 11 11 11 11 12
121 10 10 11 12 12 12 13 13 14 13 13 13 13 14 15 15 15 15 16 16 16 16 17 18 17 16 16 16
122 6 6 7 7 6 6 6 5 5 6 5 4 4 4 4 4 3 4 3 3 3 3 3 3 4 3 4 3
125 15 15 15 16 15 15 13 14 14 16 16 17 15 16 17 17 17 15 15 15 18 19 20 18 17 15 15 17
129 25 24 23 24 25 25 26 27 25 26 26 26 26 27 25 27 26 28 26 29 27 28 27 28 26 28 27 29
136 8 8 8 8 7 7 7 7 7 6 6 6 7 7 7 7 7 7 7 7 8 7 7 7 7 7 7 7
138 12 13 13 13 15 16 16 17 17 17 17 17 17 17 16 17 17 17 17 18 18 18 18 17 18 17 17 17
139 10 10 10 12 12 10 11 11 12 12 11 11 12 12 13 13 13 13 13 14 14 14 13 13 13 13 14 14
150 23 23 23 23 23 23 23 21 20 20 20 19 20 20 20 20 20 21 21 21 22 21 21 22 21 21 20 20
153 13 12 12 13 13 12 11 12 12 11 11 11 11 10 10 10 11 10 10 10 9 9 9 9 9 9 10 10
156 2 2 2 2 2 2 2 2 2 2 2 2 2 1 1 1 1 1 1 1 1 1 1 1 1 1 1 1
158 23 23 23 22 22 22 22 23 23 20 20 19 20 19 21 20 21 19 19 19 20 20 21 20 20 20 20 20
163 5 5 5 3 4 4 3 4 3 3 3 3 3 3 3 3 3 3 3 3 3 3 3 3 3 3 3 3
167 9 9 9 11 11 11 12 12 13 12 13 13 14 13 14 14 15 15 15 14 14 15 14 13 14 15 15 14
170 8 8 10 11 11 12 12 11 12 14 13 12 13 12 13 11 12 11 12 11 11 10 11 10 11 10 10 10
181 8 7 7 8 8 8 9 9 10 10 10 10 10 11 11 11 12 12 13 13 13 13 13 13 12 12 13 13
196 10 10 10 10 10 10 9 9 8 7 7 6 6 6 6 6 6 6 6 6 6 6 7 7 7 6 7 7
216 17 17 17 18 19 15 16 16 16 16 16 17 16 16 16 15 15 16 15 16 16 16 16 15 16 15 16 16
223 6 6 7 7 6 6 6 6 6 6 5 5 5 5 5 5 5 5 5 6 6 6 6 6 6 6 6 6
235 13 13 14 13 14 13 13 13 14 13 13 14 12 12 13 11 12 13 12 12 14 12 12 14 13 13 13 14
237 11 11 10 11 11 11 12 12 12 11 11 11 12 12 12 12 12 11 11 11 12 12 12 11 11 11 11 11
238 13 13 13 13 13 13 13 13 14 13 13 14 13 13 13 12 13 13 12 13 12 13 12 12 13 12 13 12
263 4 4 4 4 4 4 4 5 5 5 5 6 6 6 6 6 6 6 6 6 6 6 6 6 5 5 5 5
274 10 11 14 15 16 14 14 14 15 14 14 14 14 12 12 13 13 13 12 13 13 12 13 13 13 12 13 13
276 10 10 10 10 10 11 12 11 11 11 10 10 9 10 10 10 10 10 10 10 10 10 10 10 10 10 10 10
278 5 4 4 4 4 4 4 4 4 3 3 3 3 3 3 3 3 3 3 3 3 3 3 3 3 3 3 3
290 5 6 7 7 8 7 7 7 7 8 7 8 8 8 9 9 9 9 9 9 9 9 9 9 9 9 9 9
296 12 12 12 10 10 10 9 8 8 10 9 10 10 10 11 11 11 11 11 11 9 10 11 10 10 11 11 11
307 9 9 10 10 10 10 10 9 9 9 9 9 8 8 7 7 7 8 7 7 7 7 7 7 7 7 7 8
330 5 6 5 6 6 6 6 6 5 6 5 6 5 6 5 6 5 6 5 6 5 6 5 6 5 6 5 6
333 4 5 5 5 4 4 4 4 5 4 4 4 3 3 4 4 4 4 3 3 4 4 4 4 3 3 4 4
338 10 10 10 9 9 9 10 10 10 10 11 11 11 11 11 12 12 12 12 12 12 12 12 11 11 11 11 11
341 9 9 8 9 9 9 9 10 10 11 12 11 11 11 11 10 10 10 10 11 11 11 12 12 11 11 10 10
343 8 7 8 8 9 8 9 9 9 10 9 9 9 9 9 9 8 9 9 9 9 9 9 9 9 9 9 9
361 8 7 7 7 7 8 8 7 7 8 8 8 8 8 9 8 9 8 8 8 9 9 9 8 9 8 8 8
372 6 6 7 7 7 9 8 7 8 8 7 8 8 9 8 8 9 9 8 10 9 9 10 10 9 10 10 10
378 12 14 14 14 15 16 17 17 17 17 18 16 15 15 15 15 15 15 15 15 14 16 14 14 14 14 14 14
384 6 8 8 8 8 9 8 8 8 8 9 7 7 7 7 8 9 8 7 7 8 9 8 7 7 7 6 9
415 4 4 5 5 5 6 6 5 5 6 5 6 6 5 5 5 5 5 5 5 5 5 5 5 6 5 5 5
430 6 6 6 5 4 4 4 5 5 5 4 5 5 5 5 5 5 5 4 5 5 5 5 5 4 5 4 5
431 6 6 7 7 7 6 7 6 6 6 6 5 5 5 5 5 5 5 5 5 5 5 5 5 5 5 5 5
442 10 9 9 9 9 10 10 9 8 8 8 8 9 9 9 9 9 9 9 9 9 9 9 9 9 9 9 9
455 3 3 3 3 3 3 3 2 2 3 3 3 3 3 3 3 3 2 2 3 3 3 3 3 3 3 3 2
475 5 6 6 7 7 7 7 7 6 6 6 6 6 5 5 5 5 6 6 5 5 4 4 4 4 5 5 5
486 11 11 11 11 10 10 10 10 10 10 10 10 10 10 10 10 10 10 10 10 10 10 10 10 10 10 10 10
499 2 2 2 2 2 2 2 1 1 1 1 1 1 2 2 2 3 3 3 2 2 2 2 2 2 2 2 2
506 5 5 4 4 4 4 4 4 5 5 4 5 4 4 3 4 4 3 4 5 4 4 4 4 4 3 3 4
511 4 4 4 3 3 4 4 4 4 4 4 3 3 4 4 4 4 4 4 4 3 4 4 4 4 4 4 4
515 6 7 8 8 8 10 10 9 8 8 9 9 9 9 7 7 8 8 8 9 9 8 8 9 8 9 9 9
538 5 5 5 5 5 4 4 6 5 5 5 5 5 6 5 6 6 6 5 5 6 5 6 5 5 6 6 6
596 5 5 5 5 5 5 5 5 5 5 5 5 5 5 5 5 5 5 5 5 5 5 5 5 5 5 5 5
610 2 3 4 4 4 4 4 4 4 4 4 4 4 5 4 4 4 4 4 5 4 4 4 4 4 5 4 4
650 6 6 7 6 6 7 6 6 7 8 7 9 8 8 9 9 9 9 10 9 9 10 10 10 10 10 10 10
661 4 4 4 4 4 4 4 4 4 5 5 5 5 5 5 5 4 4 4 4 4 4 5 5 5 5 6 5
669 2 2 2 2 2 2 2 2 2 2 2 2 2 2 2 2 2 2 2 2 2 2 2 2 2 2 2 2
672 4 3 4 4 5 4 4 5 4 5 6 6 5 5 5 5 6 6 6 6 6 6 6 6 6 7 7 7
716 3 3 3 3 3 3 3 3 3 3 3 3 2 2 2 2 2 2 2 2 2 1 1 1 2 2 1 1
720 3 3 3 3 3 3 3 4 4 4 4 4 4 4 4 4 4 4 4 4 5 5 4 4 3 3 5 5
801 3 3 3 3 4 4 4 3 3 3 4 4 4 4 4 4 4 4 4 4 4 4 4 4 4 4 4 4
829 2 3 3 3 2 3 2 2 2 2 2 2 2 2 2 2 2 2 2 2 2 2 2 2 2 2 2 2
848 7 7 7 7 8 8 8 8 8 8 8 8 8 7 6 6 6 7 7 7 7 6 7 7 7 8 7 7
865 4 4 4 4 4 4 4 4 4 4 5 5 5 5 5 5 5 5 5 6 5 5 6 5 6 6 6 6
922 4 4 5 4 4 4 4 6 6 5 6 5 5 6 5 5 6 5 5 6 4 5 6 4 5 6 4 5
949 2 2 2 3 3 3 3 3 3 3 3 3 3 4 4 4 4 4 4 4 4 4 4 4 4 4 4 4
962 1 1 1 1 1 1 1 1 1 1 1 1 1 0 0 1 1 1 1 0 0 1 1 1 1 0 0 1
964 4 4 4 4 3 3 4 4 4 4 5 4 4 4 4 4 5 5 5 4 4 4 4 4 4 4 4 4